4294967278,398
4294967279,299
4294967279,148
4294967278,364
4294967278,311
4294967279,91
4294967279,90
4294967279,89
4294967279,87
4294967279,86
4294967279,85
4294967279,84
4294967279,83
4294967279,82
4294967279,81
4294967279,80
4294967278,28
4294967278,27
4294967278,26
4294967278,25
4294967278,24
4294967278,23
4294967278,22
4294967278,21
4294967278,20
4294967278,19
4294967278,18
4294967278,17
4294967278,16
4294967278,15
4294967278,14
4294967278,13
4294967278,12
4294967278,11
4294967278,10
4294967278,9
4294967278,8
4294967278,7
4294967278,6
4294967278,5
4294967278,4
4294967279,132
4294967279,131
4294967279,130
4294967279,129
4294967279,128
4294967279,127
4294967279,126
4294967279,125
4294967279,124
4294967279,123
4294967279,122
4294967279,121
4294967279,120
4294967279,119
4294967279,118
4294967279,117
4294967279,116
4294967279,115
4294967279,114
4294967279,113
4294967279,112
4294967279,111
4294967279,110
4294967279,109
4294967279,108
4294967279,107
4294967279,106
4294967279,105
4294967279,104
4294967279,103
4294967279,102
4294967279,101
4294967279,100
4294967279,99
4294967279,98
4294967279,97
4294967279,96
4294967279,95
4294967279,94
4294967279,93
4294967279,92
4294967279,142
4294967279,320
4294967278,291
4294967294,30
4294967294,143
4294967294,142
4294967294,140
4294967294,139
4294967294,134
4294967294,1018
4294967294,992
4294967294,990
4294967294,989
4294967294,988
4294967294,987
4294967294,60
4294967294,1094
4294967294,1093
4294967294,1092
4294967294,1091
4294967294,1090
4294967294,1089
4294967294,1088
4294967294,1015
4294967294,1014
4294967294,1013
4294967294,1012
4294967294,1009
4294967294,1008
4294967294,1007
4294967294,1004
4294967294,999
4294967294,998
4294967294,997
4294967294,996
4294967294,421
4294967294,401
4294967294,190
4294967294,185
4294967294,182
4294967294,176
4294967294,170
4294967294,162
4294967294,12
4294967278,256
4294967278,359
4294967278,174
4294967278,319
4294967278,57
4294967278,56
4294967278,55
4294967278,54
4294967278,53
4294967278,52
4294967278,51
4294967278,50
4294967278,48
4294967278,45
4294967278,44
4294967278,43
4294967278,42
4294967278,41
4294967278,40
4294967278,39
4294967278,38
4294967278,37
4294967278,36
4294967278,35
4294967278,34
4294967278,33
4294967278,32
4294967278,31
4294967278,30
4294967278,29
4294967279,323
4294967279,78
4294967279,76
4294967279,74
4294967279,73
4294967279,72
4294967279,69
4294967279,544
4294967279,67
4294967279,66
4294967279,64
4294967279,62
4294967279,59
4294967279,58
4294967279,57
4294967279,55
4294967279,52
4294967279,324
4294967279,51
4294967279,50
4294967279,47
4294967279,46
4294967279,42
4294967279,40
4294967279,38
4294967279,37
4294967279,36
4294967279,33
4294967279,31
4294967279,29
4294967279,20
4294967279,18
4294967279,12
4294967279,260
4294967279,138
4294967279,135
4294967278,135
4294967279,134
4294967278,288
4294967279,535
4294967279,278
4294967278,283
4294967279,14
4294967278,303
4294967279,11
139,6
4294967279,275
139,5
139,4
139,3
139,2
139,1
4294967278,261
4294967278,258
4294967278,257
4294967279,552
4294967279,523
4294967278,254
4294967278,335
4294967279,250
4294967279,572
4294967278,239
4294967278,251
4294967294,163
4294967294,173
4294967294,161
4294967294,1011
4294967294,1002
4294967294,1006
4294967278,248
4294967278,249
4294967279,519
4294967278,245
4294967279,244
4294967278,242
4294967279,239
4294967279,237
136,6
136,5
136,4
136,3
136,2
136,1
4294967279,235
4294967279,232
4294967279,229
4294967278,397
4294967294,412
4294967294,465
4294967294,111
4294967294,454
4294967294,410
4294967278,225
4294967279,219
4294967278,214
4294967278,216
4294967278,213
4294967278,212
4294967279,212
4294967279,335
4294967278,396
4294967279,208
4294967279,549
4294967278,355
4294967279,548
4294967279,205
4294967279,203
4294967279,200
4294967278,202
133,6
4294967279,202
133,5
133,4
133,3
133,2
133,1
4294967278,200
4294967279,318
4294967278,327
4294967279,317
4294967278,197
4294967278,326
4294967279,316
4294967278,324
4294967279,295
4294967279,193
4294967279,190
4294967279,192
4294967278,191
4294967279,571
4294967279,188
4294967278,187
4294967278,351
4294967279,187
4294967279,545
4294967278,321
4294967279,334
4294967278,350
4294967278,349
4294967279,183
130,6
4294967278,320
4294967279,68
4294967278,388
4294967279,178
4294967279,322
4294967278,348
4294967279,177
4294967278,171
130,5
130,4
4294967278,172
130,3
130,2
130,1
4294967278,367
4294967278,167
4294967279,167
4294967278,166
128,4
4294967278,165
128,3
128,2
128,1
4294967278,385
4294967294,1418
4294967278,300
4294967279,162
127,6
127,5
4294967278,157
127,4
127,3
127,2
127,1
4294967279,154
4294967279,153
4294967279,575
4294967279,152
126,5
4294967279,150
126,4
4294967279,149
126,3
126,2
126,1
4294967278,149
4294967279,537
4294967279,536
4294967278,293
4294967279,139
125,5
125,4
4294967279,140
125,3
125,2
125,1
4294967279,297
4294967278,140
4294967278,308
4294967279,296
4294967294,183
4294967294,416
4294967294,112
4294967294,411
4294967294,450
4294967294,164
4294967294,110
4294967279,285
4294967279,566
124,5
124,4
124,3
124,2
124,1
4294967279,270
4294967294,476
4294967279,282
4294967278,275
4294967279,279
4294967279,277
4294967278,270
4294967279,264
4294967279,263
4294967279,262
122,4
122,3
122,2
122,1
4294967294,468
4294967278,280
4294967278,301
4294967279,294
4294967278,263
4294967279,274
4294967279,555
4294967278,363
4294967278,362
4294967279,530
4294967278,340
4294967279,527
4294967294,392
4294967294,115
4294967294,114
4294967279,526
4294967294,387
4294967294,388
4294967278,395
4294967279,524
4294967278,49
4294967278,47
4294967278,298
4294967278,46
4294967278,296
4294967279,88
4294967279,174
4294967279,53
4294967279,48
4294967279,44
4294967279,39
4294967279,288
4294967279,32
4294967279,30
4294967279,25
4294967279,23
4294967279,283
4294967279,22
4294967279,251
